0 0 0
0.15 0 0
0.30 0 0
0.45 0 0
0.60 0 0
0.75 0 0
0.90 0 0
1.05 0 0
1.20 0 0
1.35 0 0
1.50 0 0
1.65 0 0
1.80 0 0
1.95 0 0
2.1 0.15 1.5708
2.1 0.30 1.5708
2.1 0.45 1.5708
2.1 0.60 1.5708
2.1 0.75 1.5708
2.1 0.90 1.5708
2.1 1.05 1.5708
2.1 1.20 1.5708
2.1 1.35 1.5708
2.1 1.50 1.5708
2.1 1.65 1.5708
2.1 1.80 1.5708
2.1 1.95 1.5708
1.95 2.1 3.14159
1.80 2.1 3.14159
1.65 2.1 3.14159
1.50 2.1 3.14159
1.35 2.1 3.14159
1.20 2.1 3.14159
1.05 2.1 3.14159
0.90 2.1 3.14159
0.75 2.1 3.14159
0.60 2.1 3.14159
0.45 2.1 3.14159
0.30 2.1 3.14159
0.15 2.1 3.14159
0 1.95 4.71239
0 1.80 4.71239
0 1.65 4.71239
0 1.50 4.71239
0 1.35 4.71239
0 1.20 4.71239
0 1.05 4.71239
0 0.90 4.71239
0 0.75 4.71239
0 0.60 4.71239
0 0.45 4.71239
0 0.30 4.71239
0 0.15 4.71239
0 0 0
